\begin{tabular}{lrrrrrrr}
\toprule
 & MANA & XLM & XRP & SPXT & XCMP & USSOC & VIX \\
\midrule
ADA & 0.001629 & 0.001307 & 0.000815 & 0.000034 & 0.000054 & -0.000038 & -0.000562 \\
BCH & 0.001583 & 0.001380 & 0.000917 & -0.000003 & 0.000011 & -0.000024 & -0.000536 \\
BTC & 0.001203 & 0.001011 & 0.000624 & 0.000016 & 0.000051 & -0.000016 & -0.000507 \\
DOGE & 0.000867 & 0.000682 & 0.000867 & -0.000014 & -0.000029 & 0.000012 & -0.000274 \\
ETH & 0.000893 & 0.000726 & 0.000688 & 0.000034 & 0.000066 & -0.000005 & -0.000355 \\
LINK & 0.002049 & 0.001609 & 0.001167 & 0.000019 & 0.000030 & -0.000040 & -0.000651 \\
LTC & 0.000984 & 0.000802 & 0.001198 & 0.000011 & 0.000040 & 0.000015 & -0.000249 \\
MANA & 0.001984 & 0.001521 & 0.001018 & 0.000010 & 0.000038 & -0.000033 & -0.000611 \\
XLM & 0.001521 & 0.001661 & 0.001038 & 0.000010 & 0.000031 & -0.000021 & -0.000442 \\
XRP & 0.001018 & 0.001038 & 0.001981 & -0.000008 & 0.000055 & 0.000032 & -0.000108 \\
SPXT & 0.000010 & 0.000010 & -0.000008 & 0.000051 & 0.000058 & 0.000001 & -0.000080 \\
XCMP & 0.000038 & 0.000031 & 0.000055 & 0.000058 & 0.000123 & -0.000000 & -0.000118 \\
USSOC & -0.000033 & -0.000021 & 0.000032 & 0.000001 & -0.000000 & 0.000015 & 0.000004 \\
VIX & -0.000611 & -0.000442 & -0.000108 & -0.000080 & -0.000118 & 0.000004 & 0.001281 \\
\bottomrule
\end{tabular}
