\begin{tabular}{lrrrrrrrrrrrrrr}
\toprule
 & ADA & BCH & BTC & DOGE & ETH & LINK & LTC & MANA & XLM & XRP & SPXT & XCMP & USSOC & VIX \\
\midrule
ADA & 0.000000 & 0.736000 & 0.864600 & 0.834300 & 0.764200 & 0.781100 & 0.773900 & 0.799900 & 0.796100 & 0.787800 & 0.797600 & 0.796300 & 0.788600 & 0.791200 \\
BCH & 0.736000 & 0.000000 & 0.708400 & 0.723700 & 0.700700 & 0.703600 & 0.679300 & 0.720000 & 0.717500 & 0.706800 & 0.713600 & 0.694100 & 0.690700 & 0.698300 \\
BTC & 0.864600 & 0.708400 & 0.000000 & 0.405400 & 0.690100 & 0.653200 & 0.665000 & 0.633500 & 0.658800 & 0.651500 & 0.645200 & 0.633900 & 0.654400 & 0.662400 \\
DOGE & 0.834300 & 0.723700 & 0.405400 & 0.000000 & 0.644600 & 0.644200 & 0.638100 & 0.632700 & 0.649100 & 0.640900 & 0.632800 & 0.625700 & 0.651700 & 0.658000 \\
ETH & 0.764200 & 0.700700 & 0.690100 & 0.644600 & 0.000000 & 0.523800 & 0.437700 & 0.435200 & 0.443700 & 0.433600 & 0.435200 & 0.432300 & 0.485600 & 0.467400 \\
LINK & 0.781100 & 0.703600 & 0.653200 & 0.644200 & 0.523800 & 0.000000 & 0.439000 & 0.417300 & 0.449100 & 0.478600 & 0.429100 & 0.434300 & 0.421900 & 0.428700 \\
LTC & 0.773900 & 0.679300 & 0.665000 & 0.638100 & 0.437700 & 0.439000 & 0.000000 & 0.385700 & 0.391300 & 0.348200 & 0.395700 & 0.387400 & 0.399300 & 0.347300 \\
MANA & 0.799900 & 0.720000 & 0.633500 & 0.632700 & 0.435200 & 0.417300 & 0.385700 & 0.000000 & 0.343900 & 0.361400 & 0.361500 & 0.383900 & 0.368900 & 0.339800 \\
XLM & 0.796100 & 0.717500 & 0.658800 & 0.649100 & 0.443700 & 0.449100 & 0.391300 & 0.343900 & 0.000000 & 0.314000 & 0.321100 & 0.374800 & 0.379800 & 0.340100 \\
XRP & 0.787800 & 0.706800 & 0.651500 & 0.640900 & 0.433600 & 0.478600 & 0.348200 & 0.361400 & 0.314000 & 0.000000 & 0.351600 & 0.353600 & 0.398700 & 0.377600 \\
SPXT & 0.797600 & 0.713600 & 0.645200 & 0.632800 & 0.435200 & 0.429100 & 0.395700 & 0.361500 & 0.321100 & 0.351600 & 0.000000 & 0.316100 & 0.359000 & 0.331600 \\
XCMP & 0.796300 & 0.694100 & 0.633900 & 0.625700 & 0.432300 & 0.434300 & 0.387400 & 0.383900 & 0.374800 & 0.353600 & 0.316100 & 0.000000 & 0.356400 & 0.365900 \\
USSOC & 0.788600 & 0.690700 & 0.654400 & 0.651700 & 0.485600 & 0.421900 & 0.399300 & 0.368900 & 0.379800 & 0.398700 & 0.359000 & 0.356400 & 0.000000 & 0.330700 \\
VIX & 0.791200 & 0.698300 & 0.662400 & 0.658000 & 0.467400 & 0.428700 & 0.347300 & 0.339800 & 0.340100 & 0.377600 & 0.331600 & 0.365900 & 0.330700 & 0.000000 \\
\bottomrule
\end{tabular}
