\begin{tabular}{lrrrrrrrrrrrrrr}
\toprule
 & ADA & BCH & BTC & DOGE & ETH & LINK & LTC & MANA & XLM & XRP & SPXT & XCMP & USSOC & VIX \\
\midrule
ADA & 0.000000 & 0.740600 & 0.925300 & 0.922200 & 0.768500 & 0.770300 & 0.772600 & 0.763400 & 0.782500 & 0.787400 & 0.785100 & 0.769200 & 0.764900 & 0.764800 \\
BCH & 0.740600 & 0.000000 & 0.618600 & 0.639600 & 0.703900 & 0.687200 & 0.698000 & 0.694300 & 0.693900 & 0.692100 & 0.692000 & 0.691900 & 0.696700 & 0.697300 \\
BTC & 0.925300 & 0.618600 & 0.000000 & 0.160700 & 0.642600 & 0.628600 & 0.626900 & 0.642000 & 0.609300 & 0.603400 & 0.616800 & 0.621800 & 0.632300 & 0.636600 \\
DOGE & 0.922200 & 0.639600 & 0.160700 & 0.000000 & 0.642800 & 0.625400 & 0.621700 & 0.637200 & 0.601200 & 0.596500 & 0.610700 & 0.617900 & 0.629700 & 0.632700 \\
ETH & 0.768500 & 0.703900 & 0.642600 & 0.642800 & 0.000000 & 0.593400 & 0.551400 & 0.557400 & 0.510100 & 0.519800 & 0.511600 & 0.528600 & 0.532900 & 0.546500 \\
LINK & 0.770300 & 0.687200 & 0.628600 & 0.625400 & 0.593400 & 0.000000 & 0.539800 & 0.562800 & 0.508700 & 0.507100 & 0.525000 & 0.526600 & 0.532900 & 0.545500 \\
LTC & 0.772600 & 0.698000 & 0.626900 & 0.621700 & 0.551400 & 0.539800 & 0.000000 & 0.517700 & 0.471900 & 0.420300 & 0.463000 & 0.481000 & 0.472200 & 0.493400 \\
MANA & 0.763400 & 0.694300 & 0.642000 & 0.637200 & 0.557400 & 0.562800 & 0.517700 & 0.000000 & 0.440300 & 0.415800 & 0.415100 & 0.501400 & 0.494300 & 0.500000 \\
XLM & 0.782500 & 0.693900 & 0.609300 & 0.601200 & 0.510100 & 0.508700 & 0.471900 & 0.440300 & 0.000000 & 0.323700 & 0.353500 & 0.439400 & 0.453800 & 0.471300 \\
XRP & 0.787400 & 0.692100 & 0.603400 & 0.596500 & 0.519800 & 0.507100 & 0.420300 & 0.415800 & 0.323700 & 0.000000 & 0.308900 & 0.403200 & 0.424200 & 0.421100 \\
SPXT & 0.785100 & 0.692000 & 0.616800 & 0.610700 & 0.511600 & 0.525000 & 0.463000 & 0.415100 & 0.353500 & 0.308900 & 0.000000 & 0.427700 & 0.441400 & 0.431300 \\
XCMP & 0.769200 & 0.691900 & 0.621800 & 0.617900 & 0.528600 & 0.526600 & 0.481000 & 0.501400 & 0.439400 & 0.403200 & 0.427700 & 0.000000 & 0.395300 & 0.433200 \\
USSOC & 0.764900 & 0.696700 & 0.632300 & 0.629700 & 0.532900 & 0.532900 & 0.472200 & 0.494300 & 0.453800 & 0.424200 & 0.441400 & 0.395300 & 0.000000 & 0.393700 \\
VIX & 0.764800 & 0.697300 & 0.636600 & 0.632700 & 0.546500 & 0.545500 & 0.493400 & 0.500000 & 0.471300 & 0.421100 & 0.431300 & 0.433200 & 0.393700 & 0.000000 \\
\bottomrule
\end{tabular}
