\begin{tabular}{lrrrrrrr}
\toprule
 & ADA & BCH & BTC & DOGE & ETH & LINK & LTC \\
\midrule
ADA & 0.003140 & 0.001490 & 0.001025 & 0.001593 & 0.001505 & 0.002484 & 0.001446 \\
BCH & 0.001490 & 0.001788 & 0.000999 & 0.001290 & 0.001481 & 0.001941 & 0.001410 \\
BTC & 0.001025 & 0.000999 & 0.001155 & 0.001145 & 0.001085 & 0.001377 & 0.001082 \\
DOGE & 0.001593 & 0.001290 & 0.001145 & 0.002204 & 0.001407 & 0.001829 & 0.001376 \\
ETH & 0.001505 & 0.001481 & 0.001085 & 0.001407 & 0.002047 & 0.002007 & 0.001490 \\
LINK & 0.002484 & 0.001941 & 0.001377 & 0.001829 & 0.002007 & 0.004017 & 0.001923 \\
LTC & 0.001446 & 0.001410 & 0.001082 & 0.001376 & 0.001490 & 0.001923 & 0.001860 \\
MANA & 0.001916 & 0.001773 & 0.001126 & 0.001540 & 0.001913 & 0.002512 & 0.001662 \\
XLM & 0.001453 & 0.001281 & 0.001030 & 0.001396 & 0.001282 & 0.001601 & 0.001339 \\
XRP & 0.001489 & 0.001272 & 0.001089 & 0.001365 & 0.001275 & 0.001568 & 0.001386 \\
SPXT & 0.000040 & 0.000057 & 0.000033 & 0.000069 & 0.000066 & 0.000034 & 0.000049 \\
XCMP & 0.000050 & 0.000065 & 0.000045 & 0.000085 & 0.000076 & 0.000048 & 0.000061 \\
USSOC & -0.000027 & -0.000004 & -0.000004 & 0.000021 & 0.000006 & -0.000027 & 0.000003 \\
VIX & -0.000412 & -0.000480 & -0.000192 & -0.000633 & -0.000582 & -0.000138 & -0.000391 \\
\bottomrule
\end{tabular}
