\begin{tabular}{lrrrrrrr}
\toprule
 & MANA & XLM & XRP & SPXT & XCMP & USSOC & VIX \\
\midrule
ADA & 0.001916 & 0.001453 & 0.001489 & 0.000040 & 0.000050 & -0.000027 & -0.000412 \\
BCH & 0.001773 & 0.001281 & 0.001272 & 0.000057 & 0.000065 & -0.000004 & -0.000480 \\
BTC & 0.001126 & 0.001030 & 0.001089 & 0.000033 & 0.000045 & -0.000004 & -0.000192 \\
DOGE & 0.001540 & 0.001396 & 0.001365 & 0.000069 & 0.000085 & 0.000021 & -0.000633 \\
ETH & 0.001913 & 0.001282 & 0.001275 & 0.000066 & 0.000076 & 0.000006 & -0.000582 \\
LINK & 0.002512 & 0.001601 & 0.001568 & 0.000034 & 0.000048 & -0.000027 & -0.000138 \\
LTC & 0.001662 & 0.001339 & 0.001386 & 0.000049 & 0.000061 & 0.000003 & -0.000391 \\
MANA & 0.004024 & 0.001348 & 0.001142 & 0.000086 & 0.000080 & 0.000032 & -0.000685 \\
XLM & 0.001348 & 0.002082 & 0.001702 & 0.000063 & 0.000075 & -0.000003 & -0.000508 \\
XRP & 0.001142 & 0.001702 & 0.002565 & 0.000038 & 0.000054 & -0.000011 & -0.000299 \\
SPXT & 0.000086 & 0.000063 & 0.000038 & 0.000026 & 0.000022 & 0.000006 & -0.000163 \\
XCMP & 0.000080 & 0.000075 & 0.000054 & 0.000022 & 0.000032 & 0.000007 & -0.000168 \\
USSOC & 0.000032 & -0.000003 & -0.000011 & 0.000006 & 0.000007 & 0.000025 & -0.000066 \\
VIX & -0.000685 & -0.000508 & -0.000299 & -0.000163 & -0.000168 & -0.000066 & 0.002346 \\
\bottomrule
\end{tabular}
