\begin{tabular}{lrrrrrrr}
\toprule
 & MANA & XLM & XRP & SPXT & XCMP & USSOC & VIX \\
\midrule
ADA & 0.001938 & 0.001438 & 0.001525 & 0.000040 & 0.000049 & -0.000028 & -0.000436 \\
BCH & 0.001794 & 0.001294 & 0.001288 & 0.000059 & 0.000063 & -0.000005 & -0.000507 \\
BTC & 0.001126 & 0.001026 & 0.001096 & 0.000035 & 0.000043 & -0.000004 & -0.000190 \\
DOGE & 0.001542 & 0.001408 & 0.001353 & 0.000068 & 0.000086 & 0.000021 & -0.000637 \\
ETH & 0.001936 & 0.001268 & 0.001301 & 0.000063 & 0.000078 & 0.000005 & -0.000604 \\
LINK & 0.002474 & 0.001621 & 0.001505 & 0.000033 & 0.000051 & -0.000026 & -0.000089 \\
LTC & 0.001651 & 0.001329 & 0.001381 & 0.000048 & 0.000063 & 0.000004 & -0.000381 \\
MANA & 0.004000 & 0.001350 & 0.001129 & 0.000089 & 0.000077 & 0.000032 & -0.000666 \\
XLM & 0.001350 & 0.002067 & 0.001720 & 0.000064 & 0.000074 & -0.000003 & -0.000510 \\
XRP & 0.001129 & 0.001720 & 0.002533 & 0.000037 & 0.000055 & -0.000010 & -0.000284 \\
SPXT & 0.000089 & 0.000064 & 0.000037 & 0.000025 & 0.000023 & 0.000006 & -0.000165 \\
XCMP & 0.000077 & 0.000074 & 0.000055 & 0.000023 & 0.000031 & 0.000007 & -0.000167 \\
USSOC & 0.000032 & -0.000003 & -0.000010 & 0.000006 & 0.000007 & 0.000025 & -0.000067 \\
VIX & -0.000666 & -0.000510 & -0.000284 & -0.000165 & -0.000167 & -0.000067 & 0.002326 \\
\bottomrule
\end{tabular}
