\begin{tabular}{lrrrrrrr}
\toprule
 & ADA & BCH & BTC & DOGE & ETH & LINK & LTC \\
\midrule
ADA & 0.001662 & 0.001445 & 0.001047 & 0.000864 & 0.000929 & 0.001793 & 0.000846 \\
BCH & 0.001445 & 0.001882 & 0.001110 & 0.000881 & 0.000948 & 0.001876 & 0.001043 \\
BTC & 0.001047 & 0.001110 & 0.000972 & 0.000667 & 0.000716 & 0.001271 & 0.000710 \\
DOGE & 0.000864 & 0.000881 & 0.000667 & 0.001743 & 0.000980 & 0.000893 & 0.000685 \\
ETH & 0.000929 & 0.000948 & 0.000716 & 0.000980 & 0.001282 & 0.001056 & 0.000818 \\
LINK & 0.001793 & 0.001876 & 0.001271 & 0.000893 & 0.001056 & 0.002779 & 0.001207 \\
LTC & 0.000846 & 0.001043 & 0.000710 & 0.000685 & 0.000818 & 0.001207 & 0.001842 \\
MANA & 0.001629 & 0.001583 & 0.001203 & 0.000867 & 0.000893 & 0.002049 & 0.000984 \\
XLM & 0.001307 & 0.001380 & 0.001011 & 0.000682 & 0.000726 & 0.001609 & 0.000802 \\
XRP & 0.000815 & 0.000917 & 0.000624 & 0.000867 & 0.000688 & 0.001167 & 0.001198 \\
SPXT & 0.000034 & -0.000003 & 0.000016 & -0.000014 & 0.000034 & 0.000019 & 0.000011 \\
XCMP & 0.000054 & 0.000011 & 0.000051 & -0.000029 & 0.000066 & 0.000030 & 0.000040 \\
USSOC & -0.000038 & -0.000024 & -0.000016 & 0.000012 & -0.000005 & -0.000040 & 0.000015 \\
VIX & -0.000562 & -0.000536 & -0.000507 & -0.000274 & -0.000355 & -0.000651 & -0.000249 \\
\bottomrule
\end{tabular}
