\begin{tabular}{lrrrrrrrrrrrrrr}
\toprule
 & ADA & BCH & BTC & DOGE & ETH & LINK & LTC & MANA & XLM & XRP & SPXT & XCMP & USSOC & VIX \\
\midrule
ADA & 0.000000 & 0.512200 & 0.472600 & 0.558700 & 0.429800 & 0.517700 & 0.433700 & 0.527000 & 0.423300 & 0.460600 & 0.688300 & 0.688800 & 0.708200 & 0.735400 \\
BCH & 0.512200 & 0.000000 & 0.489900 & 0.570300 & 0.431500 & 0.543800 & 0.449100 & 0.568300 & 0.507200 & 0.503400 & 0.700200 & 0.693400 & 0.709100 & 0.714500 \\
BTC & 0.472600 & 0.489900 & 0.000000 & 0.530500 & 0.422600 & 0.542000 & 0.401100 & 0.539800 & 0.478800 & 0.481000 & 0.685600 & 0.680300 & 0.691000 & 0.731500 \\
DOGE & 0.558700 & 0.570300 & 0.530500 & 0.000000 & 0.532800 & 0.577900 & 0.529300 & 0.598100 & 0.537500 & 0.533600 & 0.698200 & 0.683500 & 0.701800 & 0.705100 \\
ETH & 0.429800 & 0.431500 & 0.422600 & 0.532800 & 0.000000 & 0.466900 & 0.373000 & 0.520100 & 0.444800 & 0.439000 & 0.688300 & 0.681200 & 0.699900 & 0.738000 \\
LINK & 0.517700 & 0.543800 & 0.542000 & 0.577900 & 0.466900 & 0.000000 & 0.485000 & 0.545800 & 0.498700 & 0.529400 & 0.699700 & 0.691400 & 0.708200 & 0.718900 \\
LTC & 0.433700 & 0.449100 & 0.401100 & 0.529300 & 0.373000 & 0.485000 & 0.000000 & 0.516200 & 0.428300 & 0.450700 & 0.685400 & 0.682500 & 0.700300 & 0.737600 \\
MANA & 0.527000 & 0.568300 & 0.539800 & 0.598100 & 0.520100 & 0.545800 & 0.516200 & 0.000000 & 0.528000 & 0.548800 & 0.669500 & 0.674000 & 0.700400 & 0.747700 \\
XLM & 0.423300 & 0.507200 & 0.478800 & 0.537500 & 0.444800 & 0.498700 & 0.428300 & 0.528000 & 0.000000 & 0.435300 & 0.688300 & 0.686000 & 0.698100 & 0.729700 \\
XRP & 0.460600 & 0.503400 & 0.481000 & 0.533600 & 0.439000 & 0.529400 & 0.450700 & 0.548800 & 0.435300 & 0.000000 & 0.683900 & 0.687500 & 0.704400 & 0.725200 \\
SPXT & 0.688300 & 0.700200 & 0.685600 & 0.698200 & 0.688300 & 0.699700 & 0.685400 & 0.669500 & 0.688300 & 0.683900 & 0.000000 & 0.335600 & 0.671700 & 0.883300 \\
XCMP & 0.688800 & 0.693400 & 0.680300 & 0.683500 & 0.681200 & 0.691400 & 0.682500 & 0.674000 & 0.686000 & 0.687500 & 0.335600 & 0.000000 & 0.673300 & 0.878700 \\
USSOC & 0.708200 & 0.709100 & 0.691000 & 0.701800 & 0.699900 & 0.708200 & 0.700300 & 0.700400 & 0.698100 & 0.704400 & 0.671700 & 0.673300 & 0.000000 & 0.753300 \\
VIX & 0.735400 & 0.714500 & 0.731500 & 0.705100 & 0.738000 & 0.718900 & 0.737600 & 0.747700 & 0.729700 & 0.725200 & 0.883300 & 0.878700 & 0.753300 & 0.000000 \\
\bottomrule
\end{tabular}
