\begin{tabular}{lrrrrrrr}
\toprule
 & ADA & BCH & BTC & DOGE & ETH & LINK & LTC \\
\midrule
ADA & 0.001811 & 0.001433 & 0.001045 & 0.000849 & 0.000915 & 0.001744 & 0.000855 \\
BCH & 0.001433 & 0.001977 & 0.001088 & 0.000875 & 0.000947 & 0.001827 & 0.001025 \\
BTC & 0.001045 & 0.001088 & 0.001040 & 0.000653 & 0.000712 & 0.001296 & 0.000692 \\
DOGE & 0.000849 & 0.000875 & 0.000653 & 0.001756 & 0.000978 & 0.000923 & 0.000693 \\
ETH & 0.000915 & 0.000947 & 0.000712 & 0.000978 & 0.001287 & 0.001045 & 0.000818 \\
LINK & 0.001744 & 0.001827 & 0.001296 & 0.000923 & 0.001045 & 0.002915 & 0.001216 \\
LTC & 0.000855 & 0.001025 & 0.000692 & 0.000693 & 0.000818 & 0.001216 & 0.001854 \\
MANA & 0.001542 & 0.001602 & 0.001156 & 0.000860 & 0.000919 & 0.001957 & 0.000984 \\
XLM & 0.001297 & 0.001350 & 0.000976 & 0.000705 & 0.000727 & 0.001660 & 0.000826 \\
XRP & 0.000827 & 0.000939 & 0.000657 & 0.000848 & 0.000688 & 0.001135 & 0.001179 \\
SPXT & 0.000031 & -0.000001 & 0.000020 & -0.000016 & 0.000035 & 0.000017 & 0.000009 \\
XCMP & 0.000055 & 0.000010 & 0.000044 & -0.000025 & 0.000065 & 0.000036 & 0.000043 \\
USSOC & -0.000037 & -0.000024 & -0.000016 & 0.000012 & -0.000005 & -0.000040 & 0.000015 \\
VIX & -0.000565 & -0.000539 & -0.000500 & -0.000275 & -0.000355 & -0.000648 & -0.000251 \\
\bottomrule
\end{tabular}
